Tcl_0: [-0.002060, -0.999990, -0.004820, 0.015850, 
        0.000460, 0.004820, -0.999990, -0.000960, 
        1.000000, -0.002060, 0.000450, -0.035340, 
        0.000000, 0.000000, 0.000000, 1.000000]
cam_0: 
   image_width: 1600
   image_height: 1296
   k2: -0.007388
   k3: 0.020219
   k4: -0.081597
   k5: 0.085768
   k6: -0.045502
   k7: 0.008094
   p1: 0.000000
   p2: 0.000000
   A11: 736.390088
   A12: -0.538458
   A22: 736.477748
   u0: 802.783477
   v0: 661.247993
